0,480
0,479
0,478
57,3
57,2
0,477
0,476
57,1
57,0
0,475
0,474
0,473
0,472
56,3
56,2
0,471
0,243
56,1
56,0
0,470
0,469
0,468
0,273
0,270
55,4
55,3
55,2
0,467
55,1
55,0
0,466
0,386
54,3
54,2
54,1
54,0
53,3
53,2
53,1
53,0
52,3
52,2
52,1
52,0
48,35
51,3
51,2
51,1
51,0
47,2
47,0
47,1
47,3
50,3
50,2
50,1
50,0
46,2
46,0
46,1
46,3
49,3
49,2
49,1
49,0
0,278
0,9
45,2
45,0
45,1
45,3
3,2
3,1
3,3
10,284
10,76
10,272
10,206
10,304
10,132
10,156
10,1
10,94
10,2
10,3
11,30
11,16
11,15
11,8
11,27
11,6
11,1
11,24
11,2
11,3
9,7
9,6
9,1
9,4
9,2
9,3
8,10
8,14
8,11
8,16
8,4
8,1
8,17
8,2
8,3
12,2
12,1
12,3
21,3
21,2
21,1
21,0
7,16
20,2
20,1
7,15
